%% curve fitting data for taup-Vp function identification
% the following data are collected by doing the model identification for
% the pitch-channel of the helicopter in the "half-quadrotor" mode.
%
% load the data to the workspace, and run the curve fitting toolbox.

Taup_all = [0;
    0.003582163970520;
    0.005373245955780;
    0.007164327941040;
    0.008955409926300;
    0.010746491911560;
    0.011462924705664;
    0.012179357499768;
    0.012537573896820;
    0.012895790293872;
    0.013612223087976;
    0.014328655882080;
    0.015045088676184;
    0.015761521470288;
    0.016119737867340;
    0.016477954264392;
    0.017194387058496;
    0.017910819852601;
    0.019701901837861;
    0.021492983823121;
    0.025075147793641;
    0.028657311764161;
    0.032239475734681;
    0.035821639705201;
    0.039403803675721;];

Vp_all = [0;
    7.294856116711537;
    9.285644018851570;
    10.206891797309746;
    11.551015443689142;
    12.679132136924192;
    13.017044677004060;
    13.351658620478627;
    13.610966647858016;
    13.959384338045243;
    14.174979273932832;
    14.368952674523491;
    14.830980752788083;
    15.148787483202787;
    15.159214104051866;
    15.445354654903651;
    15.836925286123568;
    16.048084289938550;
    16.700054414269680;
    17.552644885152944;
    18.799069635722105;
    20.114454379892990;
    21.725001130362370;
    22.749788084422534;
    23.525929898998020;];

% weights = [1,0.200000000000000,0.100000000000000,0.200000000000000,0.500000000000000,1,1.20000000000000,1.50000000000000,1.50000000000000,2,2,2,2,1.50000000000000,1.50000000000000,1.20000000000000,1.20000000000000,1,0.600000000000000,0.400000000000000,0.200000000000000,0.100000000000000,0.100000000000000,0.100000000000000,0.100000000000000]
